dataset: MountainCarContinuous-v0
monitor_training_performance: true
nb_tasks: 8
train_max_steps: 160_000
train_steps_per_task: 20_000
test_max_steps: 80_000
test_steps_per_task: 10_000
train_task_schedule:
  0:
    goal_position: 0.45
    goal_velocity: 0
  1:
    goal_position: 0.4565062937130897
    goal_velocity: 0
  2:
    goal_position: 0.526503904898121
    goal_velocity: 0
  3:
    goal_position: 0.37901356007820275
    goal_velocity: 0
  4:
    goal_position: 0.5132810016616194
    goal_velocity: 0
  5:
    goal_position: 0.5023364056388072
    goal_velocity: 0
  6:
    goal_position: 0.47315246637784114
    goal_velocity: 0
  7:
    goal_position: 0.45239346485932264
    goal_velocity: 0
